000059 0.007063 147.618729 322.011078 267.842834 421.261017
000084 0.005996 1.000000 258.559540 232.086517 348.862091
000124 0.013223 280.170685 151.227539 414.137054 230.355499
000181 0.010878 343.192078 288.659912 428.423096 375.000000
000280 0.006989 188.613403 123.605011 274.925049 248.170013
000299 0.016124 77.466194 166.101624 309.150391 298.379028
000339 0.010931 323.173523 134.364395 448.057312 251.983475
000339 0.005714 1.000000 164.978668 200.991486 291.916962
000339 0.005290 171.057526 225.543060 292.481049 323.190887
000377 0.013921 44.174286 246.821381 188.598267 349.499237
000377 0.010800 166.397919 254.218109 297.144318 348.146698
000566 0.009090 1.000000 186.413666 140.338715 291.843018
000644 0.006073 84.060326 300.544342 302.555634 375.000000
000683 0.013836 118.031845 118.066940 268.583618 224.365555
000745 0.006115 22.977020 107.170746 286.715576 188.416840
000790 0.009831 1.000000 237.109985 250.898712 326.116516
000798 0.007093 51.699875 124.049393 181.071838 192.426071
000910 0.006238 246.738403 346.390228 372.961182 360.233063
000910 0.005399 166.209824 314.917480 374.251770 423.086975
000959 0.009281 1.000000 143.078186 149.322479 282.703400
000959 0.009251 192.336914 157.377319 348.135315 267.126007
000959 0.008567 144.009598 158.630417 242.605820 265.647369
000974 0.020544 318.366699 235.716995 500.000000 326.479858
001035 0.009179 169.878647 132.958344 293.672272 257.491150
001047 0.008423 130.751556 108.622589 332.891785 210.571533
001047 0.008414 11.923965 72.813354 220.855286 165.410065
001047 0.006777 85.303192 100.263962 224.636383 192.319199
001067 0.005561 15.239822 143.948502 217.530380 241.288925
001133 0.018257 95.970375 224.318359 290.663208 308.488098
001133 0.005784 51.980774 209.070618 500.000000 331.536743
001167 0.041309 34.434433 131.060715 121.415787 230.064011
001167 0.009200 1.000000 125.600639 84.521637 231.048401
001169 0.009281 145.284897 240.639557 241.438553 314.333771
001169 0.007752 290.073792 273.612030 404.236267 333.000000
001197 0.016908 195.340714 267.267578 500.000000 333.000000
001347 0.006013 133.538528 180.361725 253.080093 275.443146
001351 0.014323 333.267731 172.132065 500.000000 285.857056
001351 0.005647 266.312988 215.477692 500.000000 310.187164
001411 0.008552 1.000000 186.939117 126.079994 306.409912
001500 0.005214 331.835876 250.429794 500.000000 351.302246
001534 0.009022 108.724236 294.164764 200.968292 375.000000
001534 0.006427 74.970078 287.075592 157.799240 375.000000
001540 0.014080 1.000000 223.840851 180.860718 373.000000
001546 0.005442 403.742584 93.578720 457.643463 95.689896
001583 0.011459 83.849678 133.640228 148.924164 263.142151
001585 0.007521 134.432678 167.336609 329.106567 268.363220
001674 0.005466 130.264496 283.626312 333.283051 375.000000
001728 0.146802 58.701324 179.107208 327.914459 279.841980
001728 0.006611 243.830688 174.793732 500.000000 277.717590
001728 0.006059 170.957062 191.168579 369.504547 266.516418
001760 0.006228 222.681549 305.637695 346.774933 449.219116
001831 0.006846 24.758949 175.051666 208.012604 290.065216
001831 0.006782 38.208115 186.378128 500.000000 274.095917
001839 0.009147 1.000000 87.849716 103.754303 229.376785
001905 0.014171 165.321777 284.146088 375.139771 343.000000
001961 0.005749 1.000000 224.512222 150.949783 375.000000
001993 0.005145 136.960342 357.436096 335.781860 463.854126
002077 0.007916 1.000000 173.172470 369.273376 258.932617
002106 0.012705 128.857300 392.495026 375.000000 499.727875
002252 0.005174 171.896393 294.635010 445.490143 367.783447
002428 0.005934 408.580444 205.207748 442.103760 221.311234
002430 0.006543 337.142517 248.954407 434.108765 357.287598
002503 0.010437 182.777252 187.560547 261.634552 320.876343
002614 0.019329 186.978470 227.882462 276.560120 333.000000
002614 0.017267 224.801300 235.534302 315.660370 331.800293
002614 0.007259 271.149261 236.071915 346.238739 324.891479
002624 0.006589 217.451599 237.593719 399.933350 375.000000
002656 0.008085 87.532516 228.630569 174.082901 347.314819
002694 0.008163 1.000000 132.214600 126.145477 249.032898
002724 0.015321 88.576477 215.260651 374.963287 311.097260
002724 0.006245 1.000000 243.706924 328.971741 357.760925
002874 0.008925 192.908142 111.676056 347.555176 192.138428
002874 0.006512 176.143585 186.357346 500.000000 277.199707
002885 0.006066 300.844849 93.271767 500.000000 210.536316
002907 0.005403 1.000000 250.619431 158.985413 362.464966
002911 0.016098 118.982590 150.859924 267.635254 263.674774
002945 0.008238 156.156921 295.385376 231.187042 375.000000
002945 0.006065 115.101738 289.547974 195.138550 375.000000
003115 0.023751 252.406067 168.989197 441.953125 284.287689
003123 0.016699 209.148193 251.744232 331.313416 343.308990
003123 0.011050 152.819443 251.418945 233.795975 345.016846
003180 0.006466 334.813416 141.636841 500.000000 245.100281
003252 0.006069 199.943039 169.246887 500.000000 283.206024
003277 0.010415 325.984619 292.629547 500.000000 375.000000
003277 0.005883 1.000000 161.990463 93.552368 290.029602
003378 0.005431 194.798309 174.677505 422.592072 281.362061
003532 0.044635 82.836426 244.381866 457.625122 315.186920
003573 0.005190 58.092876 165.828522 174.676346 285.624725
003590 0.023605 46.904358 251.078781 185.864868 365.540253
003590 0.007823 126.299370 235.738037 260.316254 300.011963
003590 0.007702 202.307404 296.530670 415.078522 375.000000
003590 0.006460 1.000000 252.668671 225.686905 369.884674
003649 0.007549 139.397766 212.660889 247.217651 333.000000
003649 0.024931 172.562531 175.571640 290.976074 299.047729
003649 0.012485 213.084900 228.280777 327.379639 331.964233
003665 0.005558 1.000000 134.499176 158.491180 250.562775
003739 0.008106 201.467926 310.908691 493.112518 375.000000
004101 0.009104 28.866032 209.575974 156.019684 298.054230
004132 0.027436 152.649582 122.718399 310.893494 224.341934
004132 0.008105 1.000000 121.404602 239.497498 213.917114
004132 0.005972 107.834259 168.084976 355.708771 251.080704
004179 0.006189 52.457020 134.964417 180.362869 248.375061
004219 0.018762 142.142761 78.449295 273.396301 170.877213
004219 0.007354 1.000000 64.418854 89.363571 188.620697
004319 0.006658 141.394363 188.060913 245.221481 267.570557
004363 0.013196 1.000000 284.468811 171.976013 332.000000
004440 0.007808 1.000000 246.326340 86.947678 360.590576
004440 0.005944 1.000000 211.822708 164.821014 322.057373
004440 0.005084 1.000000 291.670990 113.250519 375.000000
004440 0.005050 1.000000 254.862823 239.188324 358.303497
004465 0.005253 1.000000 212.093445 500.000000 327.115234
004472 0.006126 397.912201 203.521667 456.069672 217.631470
004568 0.006597 1.000000 84.424507 108.059875 253.830322
004575 0.015465 105.225616 296.847290 358.312836 375.000000
004593 0.007649 1.000000 120.524673 98.758095 254.625961
004593 0.007031 1.000000 48.131699 90.196922 179.906219
004695 0.032256 59.681839 302.460815 480.799744 375.000000
004695 0.006930 202.781708 263.696411 414.605316 331.785034
004717 0.033521 45.976738 440.445862 292.562195 500.000000
004717 0.027038 23.646515 404.018677 314.905518 480.614197
004717 0.005841 1.000000 396.582458 112.146667 488.673767
004744 0.008361 1.000000 104.253960 107.805435 240.964111
004791 0.005181 183.024628 78.739067 372.823395 163.317535
004922 0.017195 109.483536 109.654221 277.131958 234.667862
004922 0.012227 239.524689 122.016373 377.862579 216.739578
004922 0.007136 225.452469 86.166359 391.932251 165.702576
004964 0.035485 41.379318 172.007599 345.236084 294.382172
005025 0.011973 116.436020 150.453186 347.135498 237.518250
005025 0.006761 74.003510 178.280701 389.579224 278.915741
005025 0.005334 313.259888 88.142441 457.983215 210.836197
005044 0.005256 416.392517 185.216827 435.718811 189.536804
005060 0.044510 174.911163 177.354034 288.665161 283.273895
005060 0.021679 219.995438 220.406342 320.472137 315.374054
005060 0.011414 215.367645 183.613724 325.142487 275.698242
005060 0.009308 284.275085 209.882126 487.137878 327.751770
005060 0.006301 63.882687 291.395142 168.888748 375.000000
005060 0.005927 85.586380 184.211075 224.157425 281.506805
005196 0.020801 78.704948 111.804848 307.910431 183.442108
005196 0.011094 6.897720 143.177277 379.718201 228.681122
005218 0.007756 77.044243 173.503006 232.650116 289.444397
005225 0.006510 233.661438 101.344452 383.751404 199.358337
005225 0.005208 246.729263 142.366043 447.589294 236.585922
005261 0.026682 138.098450 253.319794 325.440155 355.504242
005261 0.008821 162.100388 303.002228 301.438110 375.000000
005261 0.005799 229.650970 218.555878 500.000000 319.929718
005295 0.008024 1.000000 239.007401 318.933594 259.458008
005570 0.006934 229.908356 185.303070 387.476288 279.024506
005671 0.005205 9.760834 144.908875 146.085434 226.805328
005675 0.006565 4.996788 11.691807 162.174896 110.421616
005721 0.007142 119.050262 224.581787 500.000000 316.580505
005721 0.006203 196.407516 184.743942 497.900269 274.379700
005727 0.008115 321.759552 258.641174 500.000000 350.187561
005808 0.013509 177.894638 178.008820 439.490051 282.165466
005823 0.010276 13.254555 168.296112 94.514923 344.070679
005823 0.005645 236.602859 189.356293 332.704895 320.656311
005898 0.010190 1.000000 207.650192 128.542099 324.517395
005922 0.005524 349.591400 125.748062 498.562469 256.876160
005935 0.029129 1.000000 295.645874 207.040436 375.000000
005937 0.005918 169.345032 211.805573 371.126709 305.936981
005969 0.007184 214.357056 206.942474 255.552338 226.379944
005976 0.005077 117.685219 218.149323 268.944397 332.730743
005977 0.006113 1.000000 252.005539 106.059715 356.188232
005977 0.005239 1.000000 287.465271 97.337738 375.000000
005993 0.005285 356.422760 215.761658 491.735199 323.646484
006081 0.006304 148.109146 231.481995 177.350143 235.067383
006115 0.006888 1.000000 293.611115 145.140106 384.000000
006115 0.005358 1.000000 261.954010 185.711487 366.478241
006195 0.014993 109.144661 392.909363 229.464691 482.468079
006195 0.013762 113.183189 227.554535 225.355255 351.635651
006273 0.005604 109.867577 113.585922 276.747955 224.099625
006452 0.005718 110.585831 237.250732 262.883545 354.789246
006505 0.009805 1.000000 161.840057 146.947495 266.527649
006505 0.008637 222.720673 90.755707 500.000000 191.271912
006686 0.007490 88.175720 191.369080 375.363098 278.753784
006732 0.020594 1.927338 249.417664 77.272850 369.750061
006732 0.006599 1.000000 218.229828 92.340759 323.557831
007017 0.016084 152.538666 176.181915 310.999817 278.158905
007017 0.007547 250.368912 167.211395 443.939392 289.917938
007017 0.006044 185.255585 145.679367 278.282867 238.313675
007017 0.005990 1.000000 165.122559 168.599091 287.042816
007053 0.010122 1.000000 142.636230 177.646591 267.747253
007053 0.009478 133.759995 168.361435 252.859695 257.736694
007099 0.010354 25.707954 23.006474 207.061279 112.716141
007099 0.007282 136.598297 133.651276 500.000000 234.902832
007170 0.008729 1.000000 190.125717 151.773926 304.173523
007237 0.007174 253.896149 189.866486 363.488495 277.308258
007301 0.006110 62.415508 123.131050 170.353714 259.739105
007301 0.005726 173.700668 178.451813 289.837799 264.777435
007306 0.009618 164.173523 253.922363 299.365204 353.236084
007331 0.008478 1.000000 73.111549 217.788422 236.554810
007332 0.015398 217.470917 261.182556 476.837250 347.631592
007332 0.014681 197.573837 293.209900 496.739563 374.836975
007332 0.006572 168.308167 296.857422 372.182556 375.000000
007348 0.023451 18.934662 304.026367 500.000000 375.000000
007348 0.006795 164.500061 261.371063 500.000000 345.656464
007492 0.007130 103.358856 222.084869 437.107086 303.097565
007567 0.027890 19.334362 111.581200 136.514374 251.177094
007567 0.016131 1.000000 115.259277 86.783279 248.013702
007567 0.008559 178.081879 125.543396 362.496735 268.052673
007583 0.006432 1.000000 162.188736 170.292633 286.449493
007598 0.010528 45.463543 164.722412 115.077026 176.980072
007797 0.006431 305.221161 177.348022 466.009674 291.064301
007801 0.006695 171.256256 254.245209 369.226532 357.452545
007827 0.009325 259.571350 211.733734 500.000000 281.000000
007929 0.020077 142.936829 281.087982 320.659058 358.184113
007929 0.012427 35.675850 236.129639 197.095551 325.694153
007929 0.008184 131.091705 239.840576 255.553497 328.729187
007929 0.005454 243.528290 268.291931 450.781464 376.236206
007937 0.010736 272.964966 252.558716 498.972290 338.452209
007962 0.008822 71.428055 217.525543 315.187561 317.341644
007988 0.005198 1.000000 162.844162 147.337662 290.099854
008018 0.005571 355.260986 193.006317 493.158264 312.831177
008176 0.007123 1.000000 169.390060 148.110413 265.760986
008325 0.005740 134.471954 187.707901 329.072052 273.609894
008347 0.006293 1.000000 234.909271 167.367096 333.000000
008505 0.007111 53.482220 288.105072 179.289307 375.000000
008520 0.005204 1.000000 128.510284 186.424896 256.333069
008543 0.017498 211.011780 293.606934 483.323425 375.000000
008569 0.009338 1.000000 260.295349 220.774872 356.158691
008594 0.005064 24.682507 7.801064 131.202209 106.475006
008627 0.006176 110.879349 272.543213 275.736633 375.000000
008678 0.006957 60.338242 402.588898 375.000000 494.713837
008681 0.007224 33.227058 175.237335 199.542175 308.079285
008821 0.006072 1.000000 265.272491 500.000000 346.569794
008864 0.027463 81.615166 172.730530 228.077820 302.460541
008864 0.007810 299.604797 149.225098 471.625977 267.473999
008918 0.008954 126.252869 114.499939 337.286713 184.082733
008918 0.005115 131.295761 150.679626 486.089050 231.447449
008957 0.006254 258.529510 135.317245 435.780121 247.374924
008957 0.005995 175.905426 179.118561 364.564362 279.053436
009297 0.006286 1.000000 172.427216 233.431091 294.108643
009402 0.005174 162.274460 147.688232 301.263977 266.275604
009487 0.037857 42.382645 256.090118 190.386856 344.181671
009487 0.009985 84.151855 255.119781 302.477570 343.729645
009487 0.007026 66.246964 229.892899 166.532303 294.541565
009628 0.005198 1.000000 166.743195 111.614883 298.463226
009653 0.005876 270.206787 136.718506 500.000000 247.230194
009715 0.006240 3.613159 172.721039 152.234085 290.014038
009782 0.012906 226.201477 203.300613 314.270264 316.418640
009782 0.006725 171.884338 200.728180 291.663239 330.847565
009915 0.006829 1.000000 187.636734 180.781815 300.823853
009916 0.009285 258.823853 253.112640 500.000000 344.790680
