000181 0.006556 63.419651 242.660675 94.603905 251.989990
000299 0.014788 169.137436 208.618912 219.331436 215.815628
000339 0.006948 220.669312 244.337784 243.578949 248.754074
000617 0.006392 395.290466 89.657463 454.203003 100.068733
000662 0.007892 168.502991 142.422470 299.788879 147.921829
000662 0.012585 193.359711 104.254395 272.897827 107.369720
000683 0.009538 412.267456 262.646759 441.030640 268.097992
000839 0.023465 261.662384 168.993652 434.461578 170.192810
000839 0.005144 303.607605 168.822952 470.744385 171.483170
000910 0.019931 246.738403 346.390228 372.961182 360.233063
000910 0.006308 250.507339 347.517883 292.381195 355.348450
000959 0.014172 100.896667 70.985306 132.845886 72.780441
000975 0.005681 369.444427 62.941200 404.830902 68.228722
001040 0.005796 261.785217 263.692352 278.938416 264.570709
001047 0.007982 405.615967 284.903473 445.293945 288.749176
001047 0.011625 102.701485 130.235413 130.869919 132.971802
001047 0.009281 387.427917 245.387375 464.324524 249.398117
001118 0.011333 410.470428 258.751099 440.289154 263.579041
001122 0.005306 277.250763 381.733459 294.470001 391.494995
001133 0.006015 112.445053 282.834869 275.451904 288.281097
001133 0.005971 130.342957 243.180115 258.217987 253.643585
001167 0.006001 221.998367 159.104919 242.837296 164.221008
001167 0.005267 185.292465 159.636917 202.338608 164.512802
001177 0.006670 152.753021 168.419495 158.082031 169.608490
001180 0.005928 231.811569 385.500946 298.838440 390.935883
001351 0.012989 66.606171 206.011444 90.849396 210.225464
001596 0.010510 265.963989 37.911510 305.099426 42.636654
001720 0.009351 359.840942 241.232239 418.328125 257.008575
001760 0.005736 156.029205 307.197723 183.621918 311.717987
001776 0.005176 346.487000 186.414108 348.171387 187.408340
001993 0.020629 127.758293 383.615601 194.422302 392.046082
001993 0.016999 96.124580 384.731415 149.068115 389.607574
001993 0.005479 227.405014 385.407318 245.734543 386.256195
001993 0.005006 63.808781 384.936768 102.238602 387.487427
002010 0.006629 413.563477 184.704346 436.769531 190.896729
002018 0.009625 361.591156 60.033257 415.178192 63.806068
002144 0.006896 375.930939 52.677616 396.897552 55.863605
002438 0.013065 121.181671 386.756378 142.033356 390.127106
002455 0.007756 207.953522 177.936707 256.494904 179.109619
002503 0.005187 21.607800 385.325439 39.308094 386.955322
002516 0.007680 224.992142 244.122742 316.022095 249.529175
002570 0.005845 265.967072 268.604218 304.504486 275.680450
002587 0.008484 414.787140 52.619923 434.860626 59.376316
002614 0.007376 106.992630 224.262344 128.063660 226.652542
002614 0.005515 418.290314 224.651413 430.750824 226.150986
002712 0.005172 207.901947 422.120361 208.932800 426.426819
002813 0.005132 216.989990 168.828949 249.091736 170.214600
002856 0.006710 64.784996 32.271717 93.294975 33.846241
002877 0.006821 168.810608 231.732742 170.247162 232.240097
002888 0.008725 21.650034 244.916397 59.484901 249.720230
002888 0.007034 42.402309 244.060440 114.951340 251.705643
002907 0.010055 27.532835 283.847412 55.756691 288.168274
002925 0.009925 131.642929 226.351624 261.177368 282.472076
002950 0.006476 260.662659 385.329651 266.931152 386.258606
002972 0.006061 281.481232 423.668549 289.513824 426.366852
003012 0.007252 317.186005 245.652817 378.102203 248.596909
003079 0.012300 345.445190 167.655899 428.664734 172.658005
003196 0.005083 124.589783 221.809433 160.393433 224.967026
003252 0.015563 37.308674 128.767456 121.404099 135.178772
003277 0.005598 398.753052 321.733673 452.280090 326.198212
003295 0.008210 159.305649 205.967743 229.150681 213.049072
003295 0.005203 176.548950 247.301178 210.847656 258.183105
003326 0.006858 27.956562 37.712357 54.379787 42.678596
003479 0.017251 130.857132 30.448658 183.834335 38.646046
003595 0.005692 165.763657 122.199600 304.998535 142.195480
003649 0.011584 406.330688 223.854858 442.954651 227.378876
003739 0.005679 47.084183 205.189240 111.287201 216.366333
003853 0.009202 381.241150 180.978531 390.607117 182.162277
003853 0.005314 37.180542 181.244934 42.277451 181.772339
004157 0.006026 412.380524 223.858719 436.906586 228.346176
004207 0.006998 1.000000 51.413738 85.487473 57.529865
004210 0.007669 333.743774 52.227871 364.531006 55.231167
004288 0.006113 366.865753 166.992004 405.160431 177.030396
004363 0.006564 101.125717 186.148590 132.949966 189.511963
004420 0.005042 339.793365 245.692001 357.185760 250.154770
004451 0.012709 388.114441 242.067581 461.190430 252.248611
004451 0.005533 401.223541 280.873199 448.241730 290.250092
004469 0.011846 101.338989 128.560486 136.486343 134.457825
004469 0.007867 69.844536 129.699692 89.031349 132.832870
004469 0.005497 303.134155 168.880325 315.035156 170.615341
004472 0.012118 407.657898 278.058228 445.557373 293.966675
004472 0.011823 393.325806 166.364212 460.190918 177.155167
004472 0.005433 397.912201 203.521667 456.069672 217.631470
004661 0.008776 39.046398 244.647980 119.709915 251.471954
004661 0.006544 79.860687 207.433823 155.058868 211.278671
004661 0.005241 95.111740 245.963287 139.159836 249.712830
004668 0.005914 369.495972 207.446243 402.653625 209.629349
004704 0.005907 157.704895 230.844696 182.169586 235.735504
004771 0.005187 280.313629 381.304108 292.230011 390.785187
004889 0.008771 25.861717 70.982124 59.123428 76.613533
004893 0.009807 131.301865 340.715057 212.299484 363.661346
004922 0.017984 333.639679 143.196747 362.564728 156.808685
004922 0.021455 299.309479 147.034256 319.324982 151.697556
004922 0.011018 217.870789 187.567703 246.487152 188.431686
004922 0.009215 219.336517 148.188263 246.043121 149.112396
004922 0.005760 304.744110 109.363556 315.862701 112.396683
004922 0.005012 184.280518 186.718933 203.403229 187.819702
005019 0.005589 21.577513 189.721649 60.282936 193.572693
005025 0.008315 396.514923 130.747726 453.149567 132.063736
005049 0.005838 94.242065 243.934250 140.871841 250.346725
005060 0.010145 391.549866 244.956329 459.534363 250.755859
005060 0.011613 66.084923 207.501236 90.630318 209.681503
005060 0.013920 164.973541 207.130234 223.329346 209.413345
005060 0.008126 136.284332 207.454544 174.625061 209.134018
005060 0.007398 258.671692 283.616669 283.131592 288.620758
005060 0.006919 326.889709 243.917191 368.885254 250.730270
005088 0.005853 295.575043 207.623505 322.516144 208.796173
005088 0.007944 341.489014 245.387314 433.502380 249.473923
005180 0.011029 258.123322 426.590149 313.037384 432.142883
005180 0.008488 234.008713 423.283569 259.415802 429.490356
005184 0.007973 211.346680 282.562073 254.374481 297.268188
005187 0.006003 140.535263 385.543304 157.595169 389.740875
005225 0.005006 289.150543 168.078415 329.823639 172.474838
005237 0.009308 124.263199 59.431553 348.651489 64.754128
005255 0.006326 412.005066 226.144073 437.953552 228.474335
005286 0.007125 221.499054 208.620056 242.591553 209.930054
005295 0.017324 1.000000 239.007401 318.933594 259.458008
005308 0.005558 67.442970 171.732056 89.460625 181.923737
005308 0.005055 374.580841 174.049149 400.432404 177.860214
005323 0.005854 304.330078 92.058723 314.428894 93.798073
005447 0.005127 143.508804 207.318512 243.853806 211.695831
005556 0.005192 396.744904 263.174500 459.223663 267.586975
005671 0.011858 61.259079 168.254654 95.776398 173.168533
005698 0.013798 1.000000 50.483078 101.848770 58.722626
005808 0.005989 107.093414 247.395935 204.163574 249.655579
005882 0.005372 275.884399 385.081818 295.208069 386.743439
006040 0.005087 60.759598 206.358704 96.961670 211.171631
006076 0.008416 130.793427 269.818207 131.113129 270.875031
006081 0.017798 138.631577 192.886032 190.820847 200.890366
006145 0.019217 5.323067 66.864746 84.655846 79.476089
006145 0.023639 297.587280 110.329788 400.439514 116.742081
006169 0.009709 279.327667 186.034454 339.554352 188.545227
006169 0.017320 294.747467 223.900497 323.696503 227.832718
006169 0.010136 73.938309 224.317062 161.167496 228.788620
006169 0.006672 101.541336 263.121002 131.981049 265.923248
006292 0.005115 374.589111 185.384003 397.209595 188.622589
006313 0.009715 282.575378 246.116714 336.749329 248.143967
006313 0.020353 281.874054 207.443726 337.768890 208.594788
006313 0.007682 266.720459 207.318466 434.056519 209.420059
006313 0.007837 314.411102 246.322113 382.140289 248.221008
006336 0.007872 127.846764 421.890198 225.098267 438.581360
006394 0.005949 215.204300 38.504662 236.672043 42.223946
006607 0.006070 211.987930 52.040054 253.293442 56.989777
006624 0.005371 143.314346 207.451126 167.777725 209.456802
006663 0.008550 403.355560 61.188980 447.360443 62.159355
006764 0.007829 191.217682 206.441864 274.111511 211.437500
006764 0.005726 241.857147 207.598892 300.643097 209.471207
006780 0.012390 101.183998 232.692856 199.757172 236.380325
006787 0.006452 26.050392 231.617096 41.188377 232.371368
006804 0.007827 156.652176 340.116272 183.571304 360.296204
006804 0.007160 167.757599 345.601654 249.699890 366.504242
006856 0.005365 150.283447 272.228943 196.809143 295.885986
006906 0.010607 365.611877 282.433899 408.357239 287.678589
006938 0.009089 406.891663 245.212051 442.753113 249.045059
007053 0.010788 413.861389 185.253540 438.103760 191.972321
007053 0.007629 170.784012 182.285202 218.963791 192.546341
007110 0.006719 352.616425 245.990387 421.519012 248.947906
007110 0.006204 378.876648 246.043823 474.790771 249.829712
007126 0.010558 223.083664 224.205063 243.280075 226.765518
007137 0.010234 20.742630 220.081116 59.022629 231.071716
007170 0.015984 15.641010 224.775131 67.709732 228.935043
007237 0.005206 216.932663 168.230042 247.166367 171.518005
007240 0.005588 420.730988 282.764526 428.327606 287.915588
007319 0.018320 22.380375 36.215099 91.156433 48.724163
007319 0.005732 318.791809 422.821259 328.291321 427.026398
007471 0.014788 249.920761 343.302521 322.878754 354.332550
007471 0.005524 301.464844 346.098572 346.713806 349.999634
007567 0.013544 191.504929 169.365250 274.483704 170.643906
007567 0.023808 75.696770 169.057541 159.136047 170.887955
007567 0.006780 280.720703 169.327469 338.618713 171.406815
007567 0.005222 171.445648 169.118042 216.674225 169.990906
007577 0.006097 142.867020 120.250076 167.485764 125.355057
007598 0.021336 45.463543 164.722412 115.077026 176.980072
007756 0.012811 106.484497 283.641998 128.778412 286.730804
007862 0.009200 208.455276 204.873703 335.723572 215.508377
007903 0.040470 389.695679 166.478882 461.675415 174.301392
007903 0.006484 401.314880 208.436096 448.044739 211.570435
007903 0.007059 397.063904 246.021545 452.650635 249.707031
008018 0.014104 413.286591 227.284836 435.912872 229.188461
008077 0.005059 32.957848 168.711212 46.966553 170.257507
008080 0.006189 295.405884 168.673065 323.203613 171.556427
008102 0.010122 220.434814 172.487534 321.895935 184.219162
008114 0.013251 400.949188 283.236664 452.603424 292.600311
008201 0.005256 65.058365 53.002720 92.821686 56.534855
008245 0.006710 357.591003 206.185577 417.965332 211.240631
008265 0.005327 394.648987 52.804344 456.335449 56.141823
008686 0.005298 372.502655 53.181934 400.591644 55.280071
008864 0.021469 45.402779 224.804703 110.795784 226.216385
009075 0.005041 299.067932 130.222107 319.084778 133.149231
009077 0.005271 305.080109 145.981110 397.570709 153.634125
009171 0.006879 406.872650 207.588333 443.275055 209.752060
009171 0.005671 413.159363 169.017563 436.377441 170.235855
009240 0.009898 397.558685 166.625412 457.159149 175.190903
009263 0.007543 7.007030 167.233749 75.701630 175.114548
009487 0.007238 410.617798 245.999710 439.592590 248.610153
009626 0.037263 153.419220 208.029663 311.024597 210.936005
009628 0.017898 137.930542 246.325500 173.034180 248.461914
009708 0.005811 46.584290 169.136032 110.460770 170.193863
009708 0.005227 56.007553 169.199646 180.610840 171.033142
009783 0.006569 206.648651 182.399170 259.480652 192.855774
009798 0.013749 5.250481 242.103302 77.554207 253.829956
