000181 0.015428 343.192078 288.659912 428.423096 375.000000
000181 0.008808 303.224762 292.462219 391.277985 375.000000
000181 0.005136 367.510925 289.162842 480.892578 375.000000
000280 0.008033 283.993744 242.190155 410.319122 361.029449
000299 0.006062 169.137436 208.618912 219.331436 215.815628
000910 0.011022 246.738403 346.390228 372.961182 360.233063
001253 0.008061 131.240250 404.871521 207.300095 487.456848
001253 0.007947 1.000000 379.927368 107.192780 500.000000
001534 0.007087 108.724236 294.164764 200.968292 375.000000
001674 0.010107 103.312126 284.187866 283.316132 375.000000
002440 0.006382 1.000000 381.700104 119.403488 500.000000
002440 0.005505 44.947914 377.790955 140.383087 493.044189
002904 0.005706 230.373795 305.264130 310.095093 375.000000
002925 0.007094 131.642929 226.351624 261.177368 282.472076
002945 0.009854 156.156921 295.385376 231.187042 375.000000
002945 0.010454 188.709244 300.003052 275.062622 375.000000
002982 0.009826 132.333755 405.404327 189.426651 482.044769
003079 0.009065 345.445190 167.655899 428.664734 172.658005
003123 0.012558 209.148193 251.744232 331.313416 343.308990
003252 0.009686 37.308674 128.767456 121.404099 135.178772
003649 0.005654 172.854965 225.440079 290.683655 332.905670
003649 0.005071 139.397766 212.660889 247.217651 333.000000
004207 0.005294 1.000000 51.413738 85.487473 57.529865
004319 0.007506 125.486740 221.507706 261.128662 308.821838
004319 0.005535 141.394363 188.060913 245.221481 267.570557
004451 0.006255 388.114441 242.067581 461.190430 252.248611
004472 0.006415 407.657898 278.058228 445.557373 293.966675
004472 0.009973 393.325806 166.364212 460.190918 177.155167
004472 0.006708 397.912201 203.521667 456.069672 217.631470
004476 0.011937 80.308990 304.040527 152.660843 375.000000
004476 0.006657 122.645241 302.478485 187.223297 375.000000
004893 0.012543 131.301865 340.715057 212.299484 363.661346
004922 0.005145 299.309479 147.034256 319.324982 151.697556
005295 0.006841 1.000000 239.007401 318.933594 259.458008
005612 0.005527 112.948929 278.434601 242.136642 359.372162
005698 0.006442 1.000000 50.483078 101.848770 58.722626
005698 0.005180 1.000000 86.893356 100.656830 103.354019
005882 0.006221 162.901321 230.544205 178.193375 238.228134
005969 0.007970 166.662247 205.148712 225.644669 226.598969
005969 0.008401 214.357056 206.942474 255.552338 226.379944
006081 0.005353 138.631577 192.886032 190.820847 200.890366
006145 0.010360 5.323067 66.864746 84.655846 79.476089
006145 0.010141 297.587280 110.329788 400.439514 116.742081
006732 0.005762 1.927338 249.417664 77.272850 369.750061
006804 0.012254 156.652176 340.116272 183.571304 360.296204
006804 0.012630 167.757599 345.601654 249.699890 366.504242
006856 0.008378 150.283447 272.228943 196.809143 295.885986
007110 0.006087 158.536377 294.505035 228.079529 375.000000
007319 0.012286 22.380375 36.215099 91.156433 48.724163
007756 0.005668 106.484497 283.641998 128.778412 286.730804
007903 0.022759 389.695679 166.478882 461.675415 174.301392
008176 0.005876 1.000000 169.390060 148.110413 265.760986
008864 0.006246 123.527962 293.953400 263.094025 333.000000
008945 0.005199 220.063568 110.965340 245.736847 121.589958
009662 0.005720 205.232971 299.037231 335.228577 375.000000
009783 0.006664 206.648651 182.399170 259.480652 192.855774
