000043 0.006098 254.923782 272.188690 273.407288 275.244171
000090 0.008116 205.574203 108.768661 264.049316 114.074341
000377 0.009918 66.363495 285.710724 341.712433 295.255768
000662 0.009003 168.502991 142.422470 299.788879 147.921829
000683 0.008623 412.267456 262.646759 441.030640 268.097992
000910 0.024008 246.738403 346.390228 372.961182 360.233063
001047 0.005475 405.615967 284.903473 445.293945 288.749176
001047 0.007914 387.427917 245.387375 464.324524 249.398117
001118 0.006207 410.470428 258.751099 440.289154 263.579041
001163 0.007606 386.209503 248.412796 464.516144 252.188583
001180 0.007935 231.811569 385.500946 298.838440 390.935883
001180 0.005232 207.691055 384.033203 245.690811 389.057678
001351 0.010648 397.303192 246.759171 453.435150 249.591385
001392 0.005838 222.044998 213.058365 253.727036 215.103470
001496 0.005588 386.004395 109.608650 463.532532 112.298210
001720 0.005568 359.840942 241.232239 418.328125 257.008575
001973 0.006396 178.255295 136.546509 197.602676 141.708160
001993 0.012956 127.758293 383.615601 194.422302 392.046082
001993 0.008753 96.124580 384.731415 149.068115 389.607574
002018 0.006581 361.591156 60.033257 415.178192 63.806068
002144 0.005059 375.930939 52.677616 396.897552 55.863605
002438 0.008519 121.181671 386.756378 142.033356 390.127106
002897 0.005633 185.860046 226.301102 280.428925 230.140579
002907 0.005233 27.532835 283.847412 55.756691 288.168274
003079 0.006418 345.445190 167.655899 428.664734 172.658005
003252 0.006860 37.308674 128.767456 121.404099 135.178772
003295 0.010190 159.305649 205.967743 229.150681 213.049072
003479 0.009122 130.857132 30.448658 183.834335 38.646046
003485 0.005343 412.784760 322.845551 439.489105 325.055206
003736 0.008026 206.554199 207.704056 259.253235 212.369003
003804 0.006470 223.766510 172.640015 255.351135 180.537323
004226 0.008035 408.893799 53.653606 444.617737 56.349293
004252 0.005108 229.824829 283.672607 236.970398 287.267883
004472 0.006004 407.657898 278.058228 445.557373 293.966675
004472 0.009795 393.325806 166.364212 460.190918 177.155167
004472 0.007692 397.912201 203.521667 456.069672 217.631470
004661 0.006562 39.046398 244.647980 119.709915 251.471954
004668 0.012115 369.495972 207.446243 402.653625 209.629349
004668 0.006609 96.130562 210.500412 137.057602 212.902206
004893 0.005692 131.301865 340.715057 212.299484 363.661346
004908 0.005042 120.714958 384.929352 236.646606 393.225433
004922 0.005292 299.309479 147.034256 319.324982 151.697556
005050 0.006065 154.132538 168.379089 316.093689 173.244476
005165 0.012779 218.198883 208.780273 252.557983 217.052216
005165 0.006957 268.014557 209.875610 279.596893 214.989258
005180 0.007119 258.123322 426.590149 313.037384 432.142883
005187 0.009041 140.535263 385.543304 157.595169 389.740875
005237 0.006075 124.263199 59.431553 348.651489 64.754128
005255 0.005527 412.005066 226.144073 437.953552 228.474335
005295 0.030908 1.000000 239.007401 318.933594 259.458008
005555 0.005825 409.261536 56.075626 444.091980 60.460155
005621 0.005381 263.332947 185.386581 281.835693 191.254959
005621 0.005060 226.277618 185.159271 244.143707 191.948029
005671 0.005910 61.259079 168.254654 95.776398 173.168533
005698 0.008695 1.000000 50.483078 101.848770 58.722626
005727 0.006187 379.657104 284.566559 476.289062 287.528229
005969 0.005558 214.357056 206.942474 255.552338 226.379944
006076 0.007984 56.463791 305.907928 211.383011 319.445099
006076 0.005707 46.640240 266.627991 159.223999 282.095215
006076 0.008329 24.682350 304.991119 168.408783 314.699249
006081 0.009303 138.631577 192.886032 190.820847 200.890366
006145 0.005205 5.323067 66.864746 84.655846 79.476089
006145 0.015425 297.587280 110.329788 400.439514 116.742081
006336 0.016495 127.846764 421.890198 225.098267 438.581360
006336 0.005822 153.535156 379.816315 192.887299 396.402618
006607 0.012618 211.987930 52.040054 253.293442 56.989777
006662 0.005141 263.504333 284.822174 281.199036 288.159882
006732 0.007335 411.237244 166.264389 439.438782 174.763199
006780 0.022729 101.183998 232.692856 199.757172 236.380325
006780 0.005789 121.364227 192.772400 180.124512 197.429535
006780 0.005014 98.640961 231.287720 123.530777 233.594208
006804 0.009489 167.757599 345.601654 249.699890 366.504242
007053 0.007214 413.861389 185.253540 438.103760 191.972321
007110 0.009710 352.616425 245.990387 421.519012 248.947906
007110 0.014396 378.876648 246.043823 474.790771 249.829712
007319 0.008741 22.380375 36.215099 91.156433 48.724163
007393 0.008051 256.704834 268.973816 290.542358 281.324524
007393 0.006842 221.460403 262.504150 254.588821 276.553833
007471 0.005926 249.920761 343.302521 322.878754 354.332550
007567 0.005033 191.504929 169.365250 274.483704 170.643906
007598 0.005056 45.463543 164.722412 115.077026 176.980072
007722 0.005574 106.511047 284.316528 129.620392 289.175354
007756 0.005239 106.484497 283.641998 128.778412 286.730804
007887 0.005955 410.639679 181.568314 441.957123 187.772659
007903 0.012682 389.695679 166.478882 461.675415 174.301392
007981 0.005444 210.000061 224.481461 262.412323 233.349503
008102 0.007690 220.434814 172.487534 321.895935 184.219162
008110 0.009279 119.452179 270.388733 142.471252 271.938660
008114 0.007216 400.949188 283.236664 452.603424 292.600311
008170 0.007114 50.367317 160.566162 111.893028 184.772827
008184 0.005841 139.799133 349.144836 206.850220 357.567505
008210 0.006580 105.308624 279.028198 136.122040 294.009399
008238 0.005510 172.149597 228.695709 218.331604 236.095459
008265 0.006101 394.648987 52.804344 456.335449 56.141823
008392 0.005036 178.361511 211.681534 214.713318 219.428604
008781 0.005326 62.352585 144.316406 97.212051 162.223846
008781 0.005089 56.247711 181.248581 102.790253 199.619522
008864 0.008728 45.402779 224.804703 110.795784 226.216385
009263 0.013323 7.007030 167.233749 75.701630 175.114548
009263 0.005951 22.726568 205.556580 58.886269 214.935120
009511 0.005703 257.964691 206.335083 286.365692 213.803375
009554 0.005610 412.226288 243.582336 444.984711 247.498871
009626 0.005062 153.419220 208.029663 311.024597 210.936005
009628 0.009107 137.930542 246.325500 173.034180 248.461914
009708 0.008187 56.007553 169.199646 180.610840 171.033142
