000085 0.005065 340.859985 182.807648 357.250671 191.711731
000279 0.007674 28.558624 111.379082 440.473267 180.603455
000279 0.006410 107.588516 81.749214 359.605347 120.678474
000327 0.007609 230.730835 245.098129 239.855865 248.080276
000327 0.007203 228.273956 205.972702 239.719666 209.953842
000388 0.005532 261.201599 423.474243 267.147400 425.941101
000642 0.010232 216.866577 285.785400 251.101746 288.540405
000683 0.005925 412.267456 262.646759 441.030640 268.097992
001035 0.007219 38.002491 283.170166 42.922291 288.216675
001180 0.005219 248.332321 424.168243 281.315186 427.541840
001297 0.006387 159.539810 426.656891 184.485031 427.951385
001429 0.009547 380.852356 243.779617 392.639954 246.758011
001429 0.006565 421.197052 244.102798 428.901154 246.102493
001429 0.006109 383.295258 282.456696 392.723053 285.191437
001570 0.009810 224.780945 263.634399 243.360748 265.040405
003212 0.006067 222.295914 284.063263 244.364914 287.847870
003264 0.007474 419.138336 262.015625 432.407501 272.799255
003485 0.006503 412.784760 322.845551 439.489105 325.055206
003928 0.008299 165.348602 344.795380 178.172607 350.289948
003928 0.006800 166.129044 384.858398 177.042831 386.937378
004063 0.009190 144.735870 423.214691 160.741455 426.403473
004276 0.005164 274.292206 424.427307 297.578705 426.829529
004639 0.005762 400.744873 422.942810 425.429382 427.483337
004661 0.006615 330.030212 208.806458 366.634033 211.072266
004661 0.005364 411.528259 322.356628 438.197632 325.113403
004664 0.007494 311.294647 426.091187 340.215668 431.161621
004908 0.010496 120.714958 384.929352 236.646606 393.225433
004908 0.014628 146.057831 424.256348 205.487122 428.256165
005225 0.006245 198.446655 284.424286 269.836517 287.585663
005459 0.007919 134.533798 422.997864 164.534988 430.083313
005533 0.006781 111.417221 35.947285 190.854691 45.888027
005969 0.006885 214.357056 206.942474 255.552338 226.379944
005969 0.005410 218.947495 169.873184 253.271896 186.606644
006052 0.005459 417.794312 282.544281 433.443176 288.427155
006076 0.005120 94.448395 273.916626 180.182495 289.122742
006076 0.005160 46.640240 266.627991 159.223999 282.095215
006194 0.005346 221.677704 169.816513 245.874298 171.382065
006217 0.005755 135.545822 42.355507 168.383438 47.083778
006336 0.009448 127.846764 421.890198 225.098267 438.581360
006336 0.006107 153.535156 379.816315 192.887299 396.402618
006614 0.005476 134.312714 154.331680 161.042053 164.021103
006780 0.007310 101.183998 232.692856 199.757172 236.380325
006787 0.008052 186.645386 384.434509 192.913147 389.286255
006787 0.007167 146.809174 383.601624 155.167664 391.895325
006870 0.005887 219.081512 323.790710 246.606384 325.854248
006870 0.005571 221.034622 284.589661 247.831375 288.834717
007508 0.005134 306.908478 422.809235 323.094879 430.287567
007582 0.006740 134.643707 385.754547 166.429199 387.881378
007582 0.006697 137.820282 424.284088 163.718414 426.838837
007598 0.005564 249.514648 245.335983 298.780640 249.767075
008077 0.005286 227.310944 206.954422 237.838959 209.424332
008392 0.005101 212.457962 209.842667 258.189545 214.888321
008463 0.009826 411.811829 243.889771 439.058105 252.198395
008697 0.010474 168.205414 307.155914 174.730286 311.277130
008697 0.008704 168.188156 346.565155 174.531418 348.570770
008697 0.005338 167.154358 269.286835 172.789642 272.194794
009070 0.005060 412.015747 283.197968 448.404846 288.063324
009097 0.006448 153.662811 231.331482 188.430145 237.440002
009097 0.006379 159.581421 270.651123 182.413574 275.102356
009171 0.005271 410.624146 245.979416 439.681885 247.947769
009486 0.005915 261.006256 268.554962 316.884247 276.887238
009582 0.006551 223.446777 205.129761 244.970642 211.841827
009915 0.005642 323.334045 296.867035 374.525940 299.712189
009915 0.005407 325.728607 258.195892 370.030243 261.029510
009930 0.005092 376.268921 323.231201 403.002625 326.031006
