001035 0.005377 38.002491 283.170166 42.922291 288.216675
001122 0.005120 277.250763 381.733459 294.470001 391.494995
002972 0.008160 47.702095 423.406647 68.997643 426.207916
003264 0.009100 419.138336 262.015625 432.407501 272.799255
003277 0.005168 398.753052 321.733673 452.280090 326.198212
003558 0.005776 419.126953 244.678589 433.555054 249.335815
004664 0.007330 311.294647 426.091187 340.215668 431.161621
005044 0.006850 421.015656 261.979736 429.298981 264.435364
005044 0.008634 416.392517 185.216827 435.718811 189.536804
005250 0.005647 418.848877 243.132507 433.278625 245.869080
005528 0.005157 378.666290 296.265198 394.578949 298.201843
005727 0.006535 379.657104 284.566559 476.289062 287.528229
005727 0.007029 394.316772 244.751114 460.893921 249.517349
005969 0.005079 214.357056 206.942474 255.552338 226.379944
007584 0.005540 377.215698 242.045471 397.227417 251.640442
007887 0.006469 410.639679 181.568314 441.957123 187.772659
007977 0.005494 409.994080 245.555283 442.504639 248.070572
008176 0.005028 20.708996 159.362350 65.460480 166.737991
009070 0.005460 412.015747 283.197968 448.404846 288.063324
009240 0.005413 397.558685 166.625412 457.159149 175.190903
009554 0.005319 412.226288 243.582336 444.984711 247.498871
009899 0.005162 305.574707 207.941467 390.078125 209.007904
009899 0.006694 351.005280 168.850235 421.565765 173.772720
