000279 0.010608 28.558624 111.379082 440.473267 180.603455
000279 0.010588 107.588516 81.749214 359.605347 120.678474
000662 0.006673 193.359711 104.254395 272.897827 107.369720
001118 0.006978 410.470428 258.751099 440.289154 263.579041
003079 0.006358 345.445190 167.655899 428.664734 172.658005
003479 0.006005 130.857132 30.448658 183.834335 38.646046
004236 0.005098 28.354139 143.425156 54.575050 155.952652
004472 0.005090 393.325806 166.364212 460.190918 177.155167
004664 0.005050 311.294647 426.091187 340.215668 431.161621
004918 0.005437 420.186707 203.007492 428.537903 205.625015
005555 0.005180 409.261536 56.075626 444.091980 60.460155
006336 0.005311 127.846764 421.890198 225.098267 438.581360
006780 0.008603 101.183998 232.692856 199.757172 236.380325
