000090 0.015462 205.574203 108.768661 264.049316 114.074341
000139 0.010166 166.718063 109.868279 220.887253 111.119499
000139 0.010065 179.257385 149.168243 207.967468 151.746063
000168 0.005916 128.717010 184.900497 154.882935 186.709305
000181 0.006016 380.590240 323.391846 392.986603 324.524719
000181 0.005075 35.351032 283.460571 44.073689 286.746521
000201 0.017191 277.820923 154.103790 341.175598 155.583801
000265 0.007296 141.685089 224.341568 170.274384 227.251541
000265 0.005710 150.377579 263.323669 160.269577 265.753601
000299 0.007887 169.137436 208.618912 219.331436 215.815628
000339 0.006122 414.803101 284.053986 434.108948 286.520172
000429 0.015335 32.454895 322.583374 48.336723 324.463257
000507 0.009696 307.935150 245.892685 387.533051 246.792191
000615 0.006905 360.240662 168.125488 412.649231 174.630157
000617 0.005845 395.290466 89.657463 454.203003 100.068733
000617 0.005083 405.407227 128.771393 443.876038 135.615723
000624 0.005090 9.518633 109.490181 71.942314 111.422203
000630 0.006403 305.916565 207.080704 312.505676 208.632156
000642 0.006245 216.866577 285.785400 251.101746 288.540405
000662 0.011484 168.502991 142.422470 299.788879 147.921829
000662 0.007621 193.359711 104.254395 272.897827 107.369720
000683 0.018141 412.267456 262.646759 441.030640 268.097992
000683 0.006042 410.242859 301.398438 439.569580 304.543945
000692 0.006170 214.029694 107.609688 252.925049 114.293343
000839 0.012095 261.662384 168.993652 434.461578 170.192810
000910 0.006329 246.738403 346.390228 372.961182 360.233063
000927 0.005385 263.828003 223.193832 355.644043 226.981369
000930 0.005027 214.703690 129.730118 251.208481 132.880966
000959 0.011197 100.896667 70.985306 132.845886 72.780441
000975 0.006145 369.444427 62.941200 404.830902 68.228722
000979 0.009794 113.467148 266.702362 148.834274 280.556732
001035 0.006846 38.002491 283.170166 42.922291 288.216675
001040 0.007447 377.499359 262.930878 394.243744 265.069489
001040 0.006708 261.785217 263.692352 278.938416 264.570709
001040 0.005110 415.978912 263.414825 432.894684 264.633026
001047 0.012223 405.615967 284.903473 445.293945 288.749176
001047 0.007147 415.461945 322.937012 434.009735 324.961243
001047 0.005718 102.701485 130.235413 130.869919 132.971802
001085 0.007758 13.916117 87.534554 67.241600 98.906334
001118 0.023036 410.470428 258.751099 440.289154 263.579041
001118 0.007822 176.902206 28.624952 210.792831 30.478930
001133 0.014277 96.585587 284.284973 136.516373 285.577942
001155 0.008328 365.417145 244.906647 407.020721 248.402283
001180 0.006290 231.811569 385.500946 298.838440 390.935883
001253 0.005377 168.028671 423.844360 179.929184 428.296265
001342 0.010863 367.384155 224.212708 404.558777 226.471008
001419 0.006060 290.312317 38.695210 315.193237 41.621227
001419 0.005127 248.418396 38.881290 281.194031 42.776058
001429 0.005611 380.852356 243.779617 392.639954 246.758011
001429 0.005420 383.295258 282.456696 392.723053 285.191437
001496 0.015684 386.004395 109.608650 463.532532 112.298210
001496 0.009669 210.936295 32.698425 256.067535 33.908722
001533 0.005085 330.894897 287.048767 366.940735 291.205627
001546 0.011506 403.742584 93.578720 457.643463 95.689896
001581 0.006565 287.620819 230.787598 317.480377 236.018127
001596 0.006620 265.963989 37.911510 305.099426 42.636654
001619 0.009930 62.001381 68.763596 94.983177 74.227615
001776 0.007603 15.419397 147.210510 64.963295 150.106995
001776 0.006249 113.026680 263.456726 120.431602 265.233337
001883 0.010494 1.000000 102.289734 94.621475 122.480606
001993 0.011531 230.648727 423.577637 243.282639 425.783630
001993 0.005542 152.729584 461.971039 168.927124 464.600555
002031 0.009256 187.931213 90.978470 259.013947 91.624634
002060 0.005925 221.687683 245.716339 242.494659 249.848785
002075 0.006581 69.577606 168.785858 90.716125 172.698639
002077 0.005104 164.354385 423.922852 175.889633 426.539795
002144 0.006901 375.930939 52.677616 396.897552 55.863605
002204 0.015601 161.044189 51.874859 186.046387 52.985447
002230 0.011548 72.519020 284.518463 83.696022 285.112396
002245 0.007777 235.729401 133.548752 305.694794 134.495041
002455 0.009413 332.872955 177.922440 361.777618 178.832779
002503 0.005530 258.426422 423.639923 265.236664 425.611298
002516 0.005127 418.182404 284.300751 430.266754 285.308685
002570 0.006616 235.389923 308.421356 257.881470 310.952850
002580 0.006558 29.617315 257.299713 51.937248 270.803314
002587 0.007684 414.787140 52.619923 434.860626 59.376316
002591 0.009000 6.347698 57.124737 73.135712 60.273701
002591 0.008425 44.205875 20.248663 112.115463 22.576807
002591 0.006265 21.605925 19.990292 61.659668 22.513618
002591 0.006131 44.414780 57.467216 108.652832 60.455193
002604 0.016660 190.763367 323.571381 201.142975 325.295135
002604 0.006119 190.214752 284.259735 206.047577 289.279816
002614 0.029505 384.751587 147.641815 464.686218 149.383270
002614 0.014626 106.992630 224.262344 128.063660 226.652542
002624 0.006557 325.864990 282.217712 371.775696 293.157776
002719 0.005424 416.571564 280.344879 439.824005 290.511566
002830 0.006507 222.620773 144.329407 242.496323 156.590698
002856 0.006988 64.784996 32.271717 93.294975 33.846241
002856 0.006172 94.246483 32.568203 140.372162 33.671139
002904 0.007189 421.947937 282.771729 430.872620 288.658936
002904 0.005834 381.886841 207.536392 389.843994 208.237656
002907 0.007793 27.532835 283.847412 55.756691 288.168274
002911 0.009158 30.872185 263.553345 49.269333 264.577759
002926 0.005130 407.589355 71.071365 447.805664 73.888718
002945 0.013846 180.110962 322.599487 212.091980 325.773438
002972 0.005266 75.580841 423.775330 115.474014 427.216919
002972 0.005090 47.702095 423.406647 68.997643 426.207916
003012 0.008127 317.186005 245.652817 378.102203 248.596909
003079 0.021375 345.445190 167.655899 428.664734 172.658005
003091 0.005160 28.608986 423.323639 38.390755 425.760101
003160 0.005522 421.940063 284.199951 426.460083 285.340454
003224 0.005281 76.204330 322.182129 80.830582 325.338745
003225 0.011306 378.083191 282.546448 393.904541 287.143982
003225 0.011293 256.501404 283.390900 284.424133 286.632904
003225 0.005179 262.394989 245.250076 278.734406 247.704727
003252 0.025551 37.308674 128.767456 121.404099 135.178772
003252 0.006108 59.785141 167.222702 97.423065 173.225388
003264 0.008903 419.138336 262.015625 432.407501 272.799255
003277 0.018558 398.753052 321.733673 452.280090 326.198212
003277 0.009038 398.830078 283.739563 452.419983 287.870483
003291 0.005914 272.237152 228.702484 300.489594 237.002930
003295 0.012713 159.305649 205.967743 229.150681 213.049072
003295 0.005582 176.548950 247.301178 210.847656 258.183105
003309 0.013089 68.580666 168.777115 88.753578 170.199265
003309 0.006216 219.833344 322.873230 246.263947 324.767944
003310 0.005289 69.265701 40.379627 85.465408 42.991238
003332 0.007191 59.546227 210.620743 98.419243 218.287643
003340 0.008584 134.887390 267.828705 163.633087 276.157318
003341 0.009706 314.240784 198.220673 381.276978 219.296234
003479 0.026565 130.857132 30.448658 183.834335 38.646046
003485 0.013413 412.784760 322.845551 439.489105 325.055206
003485 0.012961 379.516144 322.939941 398.146149 325.054749
003485 0.012463 342.044312 322.902740 360.384521 324.807098
003531 0.009315 79.025620 123.730675 111.309616 125.513451
003541 0.005413 296.939880 423.310760 356.410217 428.863922
003590 0.010653 364.589294 283.934784 407.955383 286.082550
003595 0.006111 165.763657 122.199600 304.998535 142.195480
003613 0.007660 34.633286 237.203827 44.843628 238.772949
003619 0.005776 260.354309 101.255920 281.738403 109.742538
003649 0.012408 406.330688 223.854858 442.954651 227.378876
003650 0.005740 259.551086 127.722061 282.408447 131.012924
003702 0.014085 27.744801 284.560883 59.620975 286.734772
003725 0.006036 322.228058 92.214973 372.658539 93.083977
003738 0.006417 421.302124 284.584473 431.859314 286.183472
003819 0.007166 415.130707 281.619781 438.969940 291.189362
003831 0.007408 210.496872 167.283813 258.295837 181.397583
003833 0.010313 225.069580 145.827698 239.365540 149.636475
003833 0.008071 264.433838 145.439484 276.800293 149.812775
003853 0.006159 381.241150 180.978531 390.607117 182.162277
003884 0.008723 418.250366 322.723602 430.376343 324.037445
003943 0.005453 415.832275 284.390961 433.102478 285.126068
003989 0.005055 215.748596 146.371933 248.610840 149.854843
004049 0.009470 75.615280 39.364471 129.074173 41.999428
004049 0.006651 44.678078 38.842369 83.759407 41.264977
004049 0.005329 56.281822 384.818756 69.239227 387.265289
004063 0.006572 144.735870 423.214691 160.741455 426.403473
004128 0.010219 179.726929 130.293091 207.302094 131.672607
004132 0.010951 305.964813 262.788452 313.149139 265.280396
004132 0.006593 226.926254 262.345795 239.892380 266.399811
004132 0.005184 268.414856 262.833191 273.554443 265.106567
004160 0.005062 209.755234 131.368073 255.257492 132.801605
004173 0.006293 32.067024 273.143616 47.769058 278.924316
004173 0.005335 25.331074 235.012756 54.790195 241.121094
004179 0.008620 23.495605 128.932343 60.059181 134.369171
004179 0.005355 56.895218 91.440811 104.046600 94.544739
004179 0.005021 33.678104 167.175888 48.653187 172.959061
004207 0.013843 1.000000 51.413738 85.487473 57.529865
004210 0.006008 333.743774 52.227871 364.531006 55.231167
004226 0.008363 408.893799 53.653606 444.617737 56.349293
004236 0.010150 36.137627 262.369598 48.816704 266.014008
004276 0.007381 274.292206 424.427307 297.578705 426.829529
004288 0.006647 323.321075 168.951920 371.772614 172.518814
004288 0.006332 366.865753 166.992004 405.160431 177.030396
004317 0.005632 189.287994 226.471115 197.943695 228.303207
004410 0.009218 223.524216 91.936211 318.357300 96.343773
004435 0.006519 419.704102 263.392303 429.131042 264.468842
004447 0.005366 1.000000 236.477951 242.346024 257.930359
004472 0.010222 393.325806 166.364212 460.190918 177.155167
004480 0.005387 91.778923 39.103771 129.572266 39.990017
004480 0.005314 102.525742 38.995590 196.775497 40.312584
004491 0.011927 213.075958 207.685120 250.913635 208.421356
004536 0.005834 419.189362 320.709991 430.014801 326.565094
004567 0.005683 392.554871 323.725403 457.615356 324.785522
004590 0.005463 22.402897 125.446495 41.654194 130.391876
004637 0.010892 26.627020 172.957245 53.358788 176.930786
004639 0.008642 400.744873 422.942810 425.429382 427.483337
004639 0.005318 365.483521 423.249786 383.175232 426.238251
004661 0.010515 39.046398 244.647980 119.709915 251.471954
004661 0.009450 411.528259 322.356628 438.197632 325.113403
004661 0.008132 40.003956 207.090088 117.338654 209.810822
004661 0.005199 79.860687 207.433823 155.058868 211.278671
004664 0.008629 311.294647 426.091187 340.215668 431.161621
004668 0.005080 369.495972 207.446243 402.653625 209.629349
004721 0.007878 28.788971 262.584869 53.290977 267.562164
004721 0.005248 69.925598 263.220947 89.189377 268.601257
004739 0.005532 318.932068 423.459839 327.833557 426.442566
004740 0.008170 412.950592 206.248856 436.785126 212.016220
004771 0.005558 280.313629 381.304108 292.230011 390.785187
004819 0.008747 80.635101 269.702148 104.398575 271.420288
004819 0.006868 77.020828 231.326035 108.608032 232.692917
004889 0.008071 25.861717 70.982124 59.123428 76.613533
004908 0.006163 146.057831 424.256348 205.487122 428.256165
004918 0.006360 420.186707 203.007492 428.537903 205.625015
004944 0.006221 143.092102 284.159821 167.702057 286.115692
004959 0.006515 322.603241 223.410919 373.244110 230.224640
005019 0.007009 21.577513 189.721649 60.282936 193.572693
005025 0.010930 396.514923 130.747726 453.149567 132.063736
005044 0.007366 421.015656 261.979736 429.298981 264.435364
005044 0.005138 416.392517 185.216827 435.718811 189.536804
005049 0.005913 420.611938 322.969574 427.887390 323.575104
005049 0.005708 412.438782 168.472076 437.137390 172.409912
005060 0.010023 391.549866 244.956329 459.534363 250.755859
005060 0.008844 66.084923 207.501236 90.630318 209.681503
005087 0.005743 220.457947 108.344261 244.640930 109.794456
005088 0.006860 295.575043 207.623505 322.516144 208.796173
005180 0.006956 234.767471 462.841034 258.211456 466.070831
005180 0.006627 258.123322 426.590149 313.037384 432.142883
005184 0.008188 211.346680 282.562073 254.374481 297.268188
005225 0.017140 289.150543 168.078415 329.823639 172.474838
005225 0.006327 198.446655 284.424286 269.836517 287.585663
005225 0.012238 295.959747 130.114166 322.324066 132.709198
005295 0.012778 1.000000 239.007401 318.933594 259.458008
005308 0.015142 380.883820 214.881348 390.897003 218.247986
005308 0.010328 67.442970 171.732056 89.460625 181.923737
005366 0.005319 186.789108 53.508453 201.030167 54.416397
005459 0.006074 134.533798 422.997864 164.534988 430.083313
005473 0.005199 411.753479 231.816849 439.926453 235.204025
005491 0.013160 411.906616 323.250427 440.842102 326.122375
005491 0.011506 102.971397 322.760956 135.973541 326.068085
005491 0.010977 68.517670 322.716919 92.832718 325.439819
005491 0.006443 139.845154 322.823730 175.483429 325.888916
005506 0.005741 265.950104 146.744324 274.984650 149.023407
005512 0.011371 411.378296 71.749290 438.725952 76.149895
005512 0.006809 414.196686 32.948483 435.191803 34.813633
005528 0.005957 201.203735 336.129913 265.467590 337.224884
005528 0.005275 174.408585 335.572296 213.194809 336.298004
005533 0.007481 140.922455 1.000000 160.661499 4.870261
005533 0.005572 111.417221 35.947285 190.854691 45.888027
005555 0.012422 409.261536 56.075626 444.091980 60.460155
005556 0.006418 410.342163 301.746552 439.602539 304.284210
005558 0.006315 19.828516 70.592514 61.458229 72.540009
005612 0.006089 171.958328 304.515106 184.214767 307.909821
005622 0.005231 23.928415 244.803650 57.101418 249.558411
005628 0.005155 35.514839 129.006607 43.815430 132.956558
005670 0.006643 30.828079 245.677902 49.302490 247.655533
005670 0.006141 30.483194 207.331192 49.320885 208.919144
005671 0.005756 404.773926 322.202057 447.526917 326.954376
005698 0.017537 1.000000 50.483078 101.848770 58.722626
005698 0.015766 1.000000 86.893356 100.656830 103.354019
005709 0.006710 177.141953 148.056870 210.521072 154.701584
005727 0.008217 379.657104 284.566559 476.289062 287.528229
005748 0.007501 416.597076 241.706207 433.629425 254.366119
005748 0.006073 417.473480 282.470398 432.371613 290.153259
005748 0.005043 366.162598 91.404610 406.198975 96.821602
005754 0.005044 336.701691 322.404663 361.754791 325.139954
005766 0.007996 405.381500 130.741180 446.063324 132.317139
005823 0.006753 314.021729 423.613281 332.690308 425.363403
005882 0.007782 162.901321 230.544205 178.193375 238.228134
005907 0.015328 39.417404 101.568230 118.708923 104.536247
005907 0.008128 67.740883 140.406921 88.524422 141.456207
005972 0.005025 310.764923 421.554749 339.974335 430.246948
006036 0.006011 378.764008 262.307587 393.310211 264.462250
006081 0.006584 138.631577 192.886032 190.820847 200.890366
006081 0.011490 148.109146 231.481995 177.350143 235.067383
006142 0.007713 32.041317 283.065857 47.142849 286.833191
006145 0.008534 5.323067 66.864746 84.655846 79.476089
006167 0.006412 181.898529 32.277424 206.027405 33.707756
006169 0.015595 279.327667 186.034454 339.554352 188.545227
006169 0.014114 294.747467 223.900497 323.696503 227.832718
006186 0.005324 420.648224 70.975571 428.920685 72.652939
006195 0.010698 273.339020 423.545868 297.374725 425.251068
006292 0.006535 374.589111 185.384003 397.209595 188.622589
006313 0.009979 282.575378 246.116714 336.749329 248.143967
006313 0.008759 281.874054 207.443726 337.768890 208.594788
006313 0.006927 266.720459 207.318466 434.056519 209.420059
006313 0.006163 302.833313 323.075897 315.103577 323.539948
006336 0.007250 127.846764 421.890198 225.098267 438.581360
006365 0.006764 397.404510 148.322678 453.504486 149.311752
006521 0.005700 224.171021 169.008957 240.042480 169.721786
006546 0.005479 418.034180 207.407593 430.880066 208.514526
006607 0.005868 211.987930 52.040054 253.293442 56.989777
006630 0.013311 189.362793 247.666870 206.329224 252.047180
006630 0.006420 229.711456 247.226944 241.010620 251.057419
006646 0.005324 190.339355 423.995239 228.854523 427.591492
006663 0.006337 403.355560 61.188980 447.360443 62.159355
006663 0.005584 409.917633 99.322121 440.989716 101.005257
006686 0.005583 108.694923 245.889069 124.698067 247.080475
006705 0.014936 213.287506 246.058075 250.573914 246.599304
006764 0.008165 182.353561 207.234009 205.535355 209.758270
006764 0.007951 172.189667 245.353317 215.828918 248.080673
006764 0.005124 152.248581 207.969986 157.932358 208.722549
006780 0.020734 101.183998 232.692856 199.757172 236.380325
006787 0.007999 26.050392 231.617096 41.188377 232.371368
006796 0.007982 218.860718 146.032593 246.677277 154.444855
006798 0.013442 279.445343 423.838226 292.964203 426.263153
006798 0.010820 314.434723 423.854889 333.462799 426.442657
006798 0.005228 305.585754 385.755646 342.663330 388.373077
006804 0.007726 156.652176 340.116272 183.571304 360.296204
006804 0.005804 167.757599 345.601654 249.699890 366.504242
006807 0.008306 410.632751 282.669678 440.188660 289.702942
006856 0.005110 303.887207 38.118610 345.228088 42.502728
006857 0.017032 189.873596 225.580460 197.905853 228.725540
006906 0.015879 365.611877 282.433899 408.357239 287.678589
006938 0.014382 406.891663 245.212051 442.753113 249.045059
006938 0.005053 411.220245 284.167297 438.448456 286.121216
006975 0.007938 138.521515 141.569733 173.532196 160.309174
007019 0.009937 417.573608 153.726791 430.834412 154.090591
007028 0.009800 316.323486 124.476082 381.468811 140.344635
007032 0.007497 54.320755 207.527298 103.202042 210.385880
007032 0.007400 127.490875 207.218552 184.302002 209.584854
007032 0.005407 109.732956 244.915115 201.167038 248.752090
007053 0.008137 296.654510 185.027588 322.756561 189.060303
007053 0.005577 413.861389 185.253540 438.103760 191.972321
007053 0.005194 298.038055 224.036514 320.261322 226.729599
007083 0.005788 133.817703 458.261780 163.465103 468.930542
007110 0.009111 352.616425 245.990387 421.519012 248.947906
007110 0.005510 378.876648 246.043823 474.790771 249.829712
007126 0.013709 104.752869 261.374908 130.050079 266.416595
007126 0.006670 223.083664 224.205063 243.280075 226.765518
007136 0.009320 360.551941 218.979950 411.717590 227.807465
007137 0.014760 20.742630 220.081116 59.022629 231.071716
007203 0.010790 331.768341 207.801468 363.225494 208.568832
007225 0.005426 266.216003 286.688904 282.326111 288.622925
007317 0.009262 202.341049 88.586555 261.727997 97.094398
007319 0.010196 22.380375 36.215099 91.156433 48.724163
007319 0.007299 238.511597 424.317566 255.855743 426.860046
007319 0.006036 158.331787 424.067627 183.487823 427.436157
007319 0.005051 199.405334 424.269257 218.517517 427.059357
007321 0.006289 372.366333 54.026878 403.348572 60.129829
007393 0.007265 256.704834 268.973816 290.542358 281.324524
007393 0.006181 221.460403 262.504150 254.588821 276.553833
007471 0.008040 249.920761 343.302521 322.878754 354.332550
007471 0.007280 239.997986 423.166260 253.328735 427.685242
007471 0.006139 233.482101 385.289459 259.888458 387.759918
007476 0.005541 53.220490 244.129135 105.603012 252.577713
007577 0.007634 142.867020 120.250076 167.485764 125.355057
007584 0.005134 377.215698 242.045471 397.227417 251.640442
007598 0.012471 45.463543 164.722412 115.077026 176.980072
007620 0.005015 147.543808 184.561432 210.175064 187.250671
007623 0.010611 136.722046 72.737518 161.364075 73.458771
007636 0.007543 122.414665 184.743851 161.614166 187.059189
007646 0.009803 312.952362 186.978088 382.514374 188.708527
007648 0.006971 337.239685 245.769577 357.825928 247.036575
007756 0.020757 106.484497 283.641998 128.778412 286.730804
007862 0.007152 418.493866 322.711792 430.676910 325.016052
007866 0.009890 255.467255 37.240643 276.994843 44.559551
007888 0.005286 108.695404 148.041351 124.426712 149.923767
007903 0.024828 389.695679 166.478882 461.675415 174.301392
007903 0.010192 401.314880 208.436096 448.044739 211.570435
007903 0.005817 397.063904 246.021545 452.650635 249.707031
007965 0.011014 351.959869 423.051453 364.966766 427.791382
007977 0.005635 409.994080 245.555283 442.504639 248.070572
007981 0.005027 210.000061 224.481461 262.412323 233.349503
008018 0.021534 413.286591 227.284836 435.912872 229.188461
008018 0.014339 414.633911 265.981293 434.241577 267.334869
008034 0.030878 135.457565 108.140236 174.713486 110.300148
008034 0.012162 296.935028 107.759857 321.154144 110.155106
008034 0.009047 334.856079 107.850204 360.356812 110.216736
008080 0.011186 295.405884 168.673065 323.203613 171.556427
008102 0.021436 220.434814 172.487534 321.895935 184.219162
008114 0.010376 400.949188 283.236664 452.603424 292.600311
008170 0.006157 50.367317 160.566162 111.893028 184.772827
008176 0.005953 20.708996 159.362350 65.460480 166.737991
008196 0.008111 418.406464 246.087021 432.173309 247.897018
008201 0.007233 65.058365 53.002720 92.821686 56.534855
008207 0.007850 67.787521 308.937561 88.560989 310.443237
008219 0.007798 130.695786 130.191025 179.476334 132.089127
008257 0.005343 335.579926 195.697006 343.934845 198.792343
008257 0.005193 335.553589 164.641556 345.206726 169.172043
008265 0.016647 394.648987 52.804344 456.335449 56.141823
008265 0.011260 391.585449 89.816673 461.215454 99.955391
008288 0.005804 420.374237 245.571381 430.619171 248.497162
008288 0.005279 420.470947 207.365631 430.132935 210.760559
008362 0.007743 222.155777 32.532875 241.853043 33.557510
008463 0.006188 411.811829 243.889771 439.058105 252.198395
008510 0.007388 340.757263 169.149246 353.957458 169.566055
008611 0.005161 29.981949 138.130524 55.120186 139.445312
008686 0.007827 393.564636 53.100834 455.869995 55.235775
008686 0.006481 420.632782 244.936249 430.731171 248.193329
008686 0.005142 372.502655 53.181934 400.591644 55.280071
008864 0.034277 45.402779 224.804703 110.795784 226.216385
008946 0.011970 252.700226 225.848358 288.524506 229.385071
009069 0.009187 398.482330 53.164719 451.542755 55.354332
009070 0.012316 412.015747 283.197968 448.404846 288.063324
009070 0.005816 414.710999 322.772400 438.787354 324.719421
009075 0.005665 169.403366 130.856216 220.713364 136.389023
009077 0.006828 305.080109 145.981110 397.570709 153.634125
009118 0.010103 417.913757 283.084778 433.435852 287.864502
009127 0.007658 25.846584 244.614105 53.647030 248.517548
009171 0.011841 410.624146 245.979416 439.681885 247.947769
009171 0.005146 406.872650 207.588333 443.275055 209.752060
009231 0.016658 52.363480 120.444550 104.523544 121.415619
009237 0.005565 117.978256 308.325470 179.229568 311.933685
009240 0.029725 397.558685 166.625412 457.159149 175.190903
009240 0.006889 331.824524 234.101578 365.105835 261.452026
009240 0.005455 374.446167 165.319809 399.610657 175.826309
009263 0.015828 7.007030 167.233749 75.701630 175.114548
009263 0.009359 22.401665 130.261536 61.088974 132.173279
009294 0.007237 28.195869 423.054230 39.917244 428.514191
009313 0.006610 87.248795 424.111725 98.449493 426.808014
009313 0.006083 282.109375 385.132690 290.162415 387.515198
009328 0.005227 206.211121 140.580978 254.823914 152.235306
009369 0.006308 160.594940 41.902988 186.767853 42.984463
009428 0.005582 164.067566 461.304382 175.851196 464.753540
009428 0.005096 125.517319 423.210754 139.644821 426.327148
009441 0.007809 30.898277 125.629532 49.084755 138.365463
009441 0.005112 31.479916 162.740036 48.611515 177.397598
009486 0.015065 261.006256 268.554962 316.884247 276.887238
009503 0.005272 417.048859 322.754272 431.960663 324.667114
009554 0.005373 411.968750 281.012878 439.820801 287.719482
009601 0.006056 33.949894 225.688217 45.623333 231.404617
009626 0.019128 153.419220 208.029663 311.024597 210.936005
009626 0.013285 153.329987 322.645935 159.090576 325.139526
009626 0.009125 184.609970 284.358032 204.388016 286.066406
009626 0.007050 151.316803 283.891846 160.985382 286.561584
009626 0.006758 215.636627 285.082916 253.042999 286.871246
009626 0.005319 116.095558 322.577759 118.327263 324.506042
009628 0.006163 137.930542 246.325500 173.034180 248.461914
009662 0.006409 200.231155 324.007599 269.438141 325.931854
009662 0.005844 176.047943 323.259918 216.819580 324.525177
009708 0.012797 46.584290 169.136032 110.460770 170.193863
009730 0.009259 215.543732 130.099457 250.273926 132.684387
009744 0.005961 1.000000 70.058403 83.246178 73.411705
009783 0.030219 206.648651 182.399170 259.480652 192.855774
009798 0.007978 5.250481 242.103302 77.554207 253.829956
009915 0.012191 261.657867 335.182190 283.746918 338.271545
009915 0.011924 258.899384 296.722931 284.344391 299.439606
009915 0.007802 293.960815 296.839844 326.477051 298.755920
009915 0.007118 299.763428 335.206787 322.147522 337.785889
009915 0.005543 323.334045 296.867035 374.525940 299.712189
009930 0.021070 376.268921 323.231201 403.002625 326.031006
009930 0.006861 340.625244 323.326294 360.105103 324.565918
009930 0.005900 419.754578 323.154572 431.283875 324.433441
009930 0.005765 297.234283 324.023926 325.176605 325.076416
