000090 0.005344 205.574203 108.768661 264.049316 114.074341
000279 0.008667 28.558624 111.379082 440.473267 180.603455
000279 0.008266 107.588516 81.749214 359.605347 120.678474
000578 0.005102 156.063126 190.516266 187.229385 199.461487
001020 0.005421 153.611389 232.551132 186.618378 239.499496
001035 0.005660 38.002491 283.170166 42.922291 288.216675
001347 0.006769 336.509460 208.828247 361.435181 211.193085
002010 0.006498 413.563477 184.704346 436.769531 190.896729
002925 0.005791 131.642929 226.351624 261.177368 282.472076
004451 0.005968 388.114441 242.067581 461.190430 252.248611
004472 0.009244 407.657898 278.058228 445.557373 293.966675
004472 0.008894 393.325806 166.364212 460.190918 177.155167
004661 0.005385 330.030212 208.806458 366.634033 211.072266
004661 0.005063 372.349579 208.568008 400.353729 211.514755
005712 0.006002 275.773315 102.162750 424.528076 121.415558
005727 0.005265 379.657104 284.566559 476.289062 287.528229
005969 0.018562 166.662247 205.148712 225.644669 226.598969
005969 0.014685 214.357056 206.942474 255.552338 226.379944
005969 0.005802 218.947495 169.873184 253.271896 186.606644
006076 0.007824 56.463791 305.907928 211.383011 319.445099
006780 0.005835 101.183998 232.692856 199.757172 236.380325
009899 0.005185 351.005280 168.850235 421.565765 173.772720
