000584 0.005015 385.827484 245.219559 467.583099 248.837631
001118 0.005920 410.470428 258.751099 440.289154 263.579041
001429 0.009410 380.852356 243.779617 392.639954 246.758011
001429 0.006959 383.295258 282.456696 392.723053 285.191437
001429 0.006428 420.167969 282.019745 430.577820 285.294952
003264 0.006058 419.138336 262.015625 432.407501 272.799255
003558 0.005738 419.126953 244.678589 433.555054 249.335815
003558 0.005041 416.337311 282.990753 436.208160 287.601166
004472 0.007942 407.657898 278.058228 445.557373 293.966675
004922 0.005403 333.639679 143.196747 362.564728 156.808685
004922 0.009223 299.309479 147.034256 319.324982 151.697556
005225 0.007650 198.446655 284.424286 269.836517 287.585663
005969 0.005180 214.357056 206.942474 255.552338 226.379944
006076 0.007063 56.463791 305.907928 211.383011 319.445099
006076 0.010553 94.448395 273.916626 180.182495 289.122742
006076 0.009975 46.640240 266.627991 159.223999 282.095215
006076 0.006319 24.682350 304.991119 168.408783 314.699249
006081 0.016579 138.631577 192.886032 190.820847 200.890366
006081 0.012604 148.109146 231.481995 177.350143 235.067383
006336 0.009435 127.846764 421.890198 225.098267 438.581360
006630 0.008122 189.362793 247.666870 206.329224 252.047180
006630 0.006403 229.711456 247.226944 241.010620 251.057419
006780 0.011441 101.183998 232.692856 199.757172 236.380325
006780 0.009236 121.364227 192.772400 180.124512 197.429535
006877 0.005869 129.478302 346.584015 168.549042 349.379974
008176 0.005163 20.708996 159.362350 65.460480 166.737991
008754 0.005212 66.134605 208.507751 94.737694 213.816223
009240 0.009303 397.558685 166.625412 457.159149 175.190903
009486 0.011921 261.006256 268.554962 316.884247 276.887238
009899 0.008886 315.259247 169.895203 381.837311 173.937012
009899 0.007179 305.574707 207.941467 390.078125 209.007904
009899 0.006505 351.005280 168.850235 421.565765 173.772720
