000409 0.006905 218.365402 228.655884 233.056290 238.155121
001429 0.012863 380.852356 243.779617 392.639954 246.758011
001429 0.007537 345.542389 243.796219 352.087982 246.444107
001429 0.006951 421.197052 244.102798 428.901154 246.102493
001429 0.005188 380.492249 205.435211 393.282776 208.269196
001993 0.005400 127.758293 383.615601 194.422302 392.046082
002874 0.005318 417.525635 245.561951 431.874023 247.973206
002972 0.006245 75.580841 423.775330 115.474014 427.216919
002972 0.006042 47.702095 423.406647 68.997643 426.207916
004908 0.010230 120.714958 384.929352 236.646606 393.225433
004908 0.010154 146.057831 424.256348 205.487122 428.256165
004922 0.006265 333.639679 143.196747 362.564728 156.808685
005528 0.006501 413.490692 257.661865 436.580780 259.758972
006336 0.010347 127.846764 421.890198 225.098267 438.581360
006336 0.008202 153.535156 379.816315 192.887299 396.402618
006780 0.016753 101.183998 232.692856 199.757172 236.380325
008697 0.005484 168.205414 307.155914 174.730286 311.277130
009097 0.006627 153.662811 231.331482 188.430145 237.440002
