000181 0.008966 343.192078 288.659912 428.423096 375.000000
000377 0.006318 139.940353 258.197937 246.675400 339.789795
001118 0.007464 410.470428 258.751099 440.289154 263.579041
002303 0.005104 417.506287 259.162506 434.126282 269.792511
002945 0.006405 156.156921 295.385376 231.187042 375.000000
002945 0.005863 188.709244 300.003052 275.062622 375.000000
003123 0.008021 209.148193 251.744232 331.313416 343.308990
004472 0.007031 407.657898 278.058228 445.557373 293.966675
004476 0.009058 80.308990 304.040527 152.660843 375.000000
004908 0.009928 120.714958 384.929352 236.646606 393.225433
004908 0.007192 146.057831 424.256348 205.487122 428.256165
005044 0.005907 421.015656 261.979736 429.298981 264.435364
005386 0.005707 395.589203 166.880875 456.668671 175.189590
005969 0.005327 166.662247 205.148712 225.644669 226.598969
006081 0.006451 138.631577 192.886032 190.820847 200.890366
006336 0.012760 127.846764 421.890198 225.098267 438.581360
006780 0.005698 101.183998 232.692856 199.757172 236.380325
