001118 0.013106 410.470428 258.751099 440.289154 263.579041
003264 0.006620 419.138336 262.015625 432.407501 272.799255
003479 0.007989 130.857132 30.448658 183.834335 38.646046
003736 0.006000 206.554199 207.704056 259.253235 212.369003
003736 0.005231 179.190781 207.698608 208.128616 210.307861
004472 0.006094 407.657898 278.058228 445.557373 293.966675
004668 0.007152 369.495972 207.446243 402.653625 209.629349
004908 0.006631 120.714958 384.929352 236.646606 393.225433
005225 0.005396 289.150543 168.078415 329.823639 172.474838
005969 0.005031 166.662247 205.148712 225.644669 226.598969
005969 0.012683 214.357056 206.942474 255.552338 226.379944
005969 0.007891 218.947495 169.873184 253.271896 186.606644
006076 0.005611 92.470787 269.578674 92.763695 271.213074
006336 0.007078 127.846764 421.890198 225.098267 438.581360
006780 0.016590 101.183998 232.692856 199.757172 236.380325
007110 0.005132 352.616425 245.990387 421.519012 248.947906
007319 0.016020 22.380375 36.215099 91.156433 48.724163
008114 0.005483 400.949188 283.236664 452.603424 292.600311
