002550 0.007025 180.792984 270.070007 194.374741 273.533386
004472 0.005501 407.657898 278.058228 445.557373 293.966675
004908 0.005631 120.714958 384.929352 236.646606 393.225433
005969 0.008526 166.662247 205.148712 225.644669 226.598969
005969 0.007008 214.357056 206.942474 255.552338 226.379944
006076 0.007696 56.463791 305.907928 211.383011 319.445099
006336 0.005674 127.846764 421.890198 225.098267 438.581360
006780 0.009447 101.183998 232.692856 199.757172 236.380325
009363 0.005036 158.014740 270.960724 181.278778 273.282806
009486 0.005035 261.006256 268.554962 316.884247 276.887238
009653 0.005597 362.560577 206.996918 411.130768 212.442078
